2.718127428829673065e-01,1.354650647488667703e-01,1.616379194527498564e-01,7.363858593664120988e-01,1.656591642918556762e-01,6.363150204523388975e-01,7.682370098161857008e-01,1.448473701220615029e-01,8.373023256311170615e-01,7.918082481626601554e-01
1.781080283840927869e-01,5.936389055184643215e-02,1.152744806943966083e-01,5.937595346254082029e-01,4.640607320008045544e-01,4.409746343072066255e-01,9.012645683690873044e-01,5.583949557909357875e-01,5.038012793665830324e-01,7.541223548204261107e-01
5.249667336911059135e-01,9.792378478913309481e-01,9.018971254206206156e-01,4.431598121661796119e-01,3.308861600461872055e-01,5.983514385340407138e-01,7.496433692058808163e-01,5.562413437587440113e-01,3.634017012965082838e-01,8.502461122277746863e-01
8.745317908791103712e-01,5.669386080001344030e-01,8.234442507829983215e-01,3.591300021235878104e-01,5.640899232394672724e-01,2.306425379595227199e-01,4.546175929939316740e-01,3.606714031956970157e-01,2.530326674084133476e-01,2.332898817578050732e-01
2.412007915291551896e-01,2.642063880844920387e-01,9.964831850351838494e-01,3.387278393122650222e-01,1.363478714898596067e-01,6.770487331366632500e-01,8.440447900624967748e-01,4.450042323894548568e-01,2.250361493383287170e-01,6.330023857224084116e-01
7.429609861931534276e-01,2.487663077300706904e-01,5.910832792918183642e-01,1.778045085140707027e-01,9.121468798997883765e-01,5.520191208943747707e-01,1.463336856029970878e-01,5.862107153583552277e-01,3.364392216513658607e-01,9.517993030040320379e-01
2.616862040084040331e-01,2.781308216261444421e-01,4.239904643749150548e-01,4.679025091362186695e-01,5.449318584468785254e-01,7.842196463186074107e-01,4.200156995585866415e-01,6.174877382492387490e-01,5.164066976733463488e-01,9.054272951931841007e-02
1.537107486351229069e-01,3.293740057740717209e-01,3.142704842937138476e-01,2.328192014510457319e-01,6.378712777668064104e-01,8.090725747988747329e-02,3.065634428416994517e-01,1.944599418052661566e-01,2.463056201284367086e-01,7.611747509688926439e-01
1.120977844073911545e-02,7.533263592971360945e-01,7.093692475249750995e-01,2.656811238117803287e-01,4.353710985453607130e-02,2.911951679942648141e-02,9.048263848084555638e-01,2.452796070066154410e-02,8.227692617925047580e-01,4.787370840332447752e-01
4.946100940783874078e-01,9.942303431690390214e-01,8.023357471695192755e-01,4.590777803049113093e-01,7.513464741018022197e-01,7.536796412454936922e-01,2.350424356057906339e-01,6.729062778682405321e-01,5.448467521993197726e-01,5.728621466082562952e-01
6.420361926244622097e-02,4.973296488209850708e-01,5.544308027872895117e-01,1.173324183458331893e-01,8.063358629596126814e-01,7.559581201427002517e-01,8.047637865258441270e-01,9.103061052775314188e-01,4.728964071358221499e-01,6.109921828641257102e-01
2.260001352255580631e-01,1.519530179576128459e-01,1.625349456821123528e-02,2.533313526367403368e-01,7.448882704850720016e-01,8.180665161746998315e-01,2.044562314437814443e-01,9.620565505232464565e-01,6.226820386884260872e-01,3.203120847272700189e-04
1.479772693719988430e-01,1.845471194404533222e-01,9.989113284415930272e-01,6.328971142741252054e-01,7.511150449154380127e-01,3.209964350966645341e-01,1.425455914287208081e-01,3.333042847989242663e-02,8.732589893039326423e-01,5.766018465952456040e-01
2.963443234494933520e-01,7.773037465333080265e-01,2.672977467236165028e-01,7.767607470054026519e-01,1.803761256767401067e-01,4.235657892211750486e-01,7.679778754871564583e-01,4.444726957908147202e-01,8.449281465366664801e-02,3.313655731218271283e-01
2.699363869842826835e-01,7.233880643357186724e-01,8.772830764881168752e-01,8.647386850547733594e-02,5.597123215859600709e-01,7.333928730748819902e-01,7.245554415807839987e-01,8.491355985483590718e-01,2.549874628613182370e-01,6.745312217366142837e-01
3.089018541467360990e-01,8.104958738048524403e-01,4.473547040294262311e-01,1.345426823682612794e-01,3.617582640071275168e-01,6.889887145012096870e-01,1.146614849351091925e-01,9.663091769078160365e-01,5.153776752136517425e-01,7.027517444716939732e-01
3.475011950767026292e-02,8.897442876144668888e-01,9.981002756969228340e-01,7.743970072046363340e-01,3.757898715131265943e-01,9.047955194061158002e-01,2.107718817101881248e-01,5.346507213557787352e-01,1.319343691400517438e-01,1.885954841917903968e-01
4.828188771615322672e-01,7.890060568574862598e-01,4.982339575747785076e-02,9.218242380599496189e-01,7.545680845239640666e-01,1.267175178471534602e-01,3.326539575039973995e-01,2.580510477072176512e-01,2.555844144881815883e-01,5.986803462852949842e-01
8.629015013920752208e-01,9.081241681004659227e-02,9.058962015752514141e-03,5.438116598887917652e-01,1.901242705929677701e-01,8.606064230855080543e-01,7.889413778274190214e-02,5.169445580553387876e-01,3.658526283497937071e-01,2.133511893515277480e-01
5.354759578369606698e-01,2.894744743754804617e-01,7.756364197959950690e-01,1.140324901159058824e-01,7.339250712041497371e-01,1.665903008528142326e-01,5.624456275435881780e-01,7.553163432345230133e-01,5.846958150643136731e-01,2.999814858094114189e-01
3.571204072307128108e-01,5.002588664777792848e-01,4.214466439559876321e-01,1.672832400629802319e-01,5.269157870496785634e-01,7.822067916095044593e-01,2.997249231365408662e-01,1.276023056689139512e-01,5.671883223345176583e-01,4.486636728137757268e-01
1.122088036423591895e-01,3.370220215035225619e-01,5.149966882518919320e-01,5.920399793547345135e-01,8.656042581332226149e-01,3.675542266215915399e-01,6.552222590783425282e-01,3.633161864871226054e-01,5.528193583172914538e-01,6.684324263112875197e-01
9.750105137772265840e-01,1.812767762147808881e-01,4.199109165425194412e-01,7.413753645145647608e-01,1.864960994979478759e-01,6.996326077603612914e-01,8.909044578509062173e-01,4.068963991748789644e-01,9.636331908504902621e-01,4.240024911679297626e-01
9.086863758426941828e-01,2.357588371698852159e-01,2.632671533413780685e-01,9.548580822925337719e-01,9.434089739574749167e-01,4.337640830703126671e-02,5.964573065053918599e-01,1.506342391041215478e-01,2.454297763102070151e-01,5.314832641992373041e-02
3.369600416116380615e-02,6.268353146403131682e-01,7.528090679967325283e-01,7.172632417923462400e-01,3.117511151660032898e-01,4.704504084995577706e-01,1.823219541023505252e-01,7.203311122398314836e-01,6.729619696898383463e-01,3.669282030805840478e-01
8.591222627110244314e-01,9.588265124842589859e-01,6.033621936683986053e-02,1.585800917561335233e-01,4.440558336038324949e-02,1.958693293128888069e-01,1.534157306856631653e-02,8.624436150140886159e-01,5.972111196902381014e-01,9.463662520575886195e-01
7.007540554320274007e-01,8.146187892219802773e-01,7.823513469706333545e-01,3.834683206326071625e-01,1.965045165476591027e-01,5.152227622027626408e-01,7.588065136636459318e-01,2.317343731155629971e-01,8.381597767514419317e-01,3.831972324632193505e-01
6.054146802112154724e-01,6.489287424260430370e-01,7.717368689184647135e-01,5.469209751972236022e-01,5.786535147625672115e-01,9.813208916679634353e-01,1.686871342883322633e-01,1.765237667200747484e-01,6.141867216898577730e-01,2.540889941509433259e-01
1.057511767155323579e-01,8.701997390854104841e-01,1.431067597726343177e-02,6.469751649422014195e-01,6.728718268982766260e-01,9.053479786331102286e-01,1.739307631225257555e-01,1.009805432710099149e-01,2.160448371768950437e-01,9.895679280518266951e-01
4.767307467511819885e-01,8.961565273845959467e-01,9.089198989257304406e-01,7.941412360038051510e-01,5.944538299696094930e-01,2.339737985048424562e-01,7.791714919208910795e-01,5.648222926011562395e-01,5.840977964710764025e-01,9.308613278873324459e-01
2.221040136493539485e-01,7.023498305670893282e-01,5.125652508746210145e-01,7.982589355000639930e-01,2.845107275933489444e-01,2.946554567071892894e-01,2.112105556284152863e-01,2.588698342865803914e-01,8.967526418675708655e-03,4.284294633652545592e-01
8.773490675982253961e-01,7.504466534060882932e-02,1.165877974912475912e-01,8.641289537347003336e-01,8.393297068331030397e-01,5.138254242111659487e-01,2.857576401107397857e-02,9.401068690755381985e-01,6.471122950825558551e-02,5.987770414231750049e-01
6.587041187419302446e-01,7.801251647691856972e-01,6.225661390639071202e-01,8.342272737998308596e-01,2.971367860977537356e-01,5.688098124785087029e-01,5.648409642586955659e-01,6.645336769479255334e-01,2.230763059581122310e-01,3.048552804149221584e-01
8.079887165003009075e-01,8.985566505683793004e-01,2.131470536058769349e-01,6.215459794355304712e-01,1.695047424392607249e-01,5.683411160129641093e-01,5.019310962753031902e-02,3.698175404679393541e-01,8.137523247620412903e-01,6.713153079333328277e-01
9.835741493482631492e-01,5.750071074447324904e-01,9.706275439072569178e-01,8.010848110092243513e-01,6.239699147935015011e-01,9.241763509058218418e-01,3.042118354633820410e-01,3.548603161515831994e-01,9.276895110035962011e-01,5.425508481225340685e-01
2.619157178844971900e-01,9.689718945846048648e-02,7.388798688052621300e-01,9.916052752243043056e-02,3.716833542023953996e-01,9.111394838583563027e-01,2.833546384531844264e-01,8.241303563771802398e-01,4.910325484883865110e-01,8.322137247409565619e-01
2.022869872574624139e-01,3.068287137904320838e-01,4.008471235441632974e-01,9.000222740371427443e-01,2.998203160311000426e-01,3.323628139751610977e-01,1.390543742071133071e-01,4.305781546739663179e-01,2.408981688009507183e-01,3.849477182379734685e-02
8.909737989874066955e-01,1.952807257165813937e-01,3.246245889740118074e-01,8.400367117265046257e-01,5.066589747180814118e-01,2.290585633592723269e-02,8.656321863424760732e-01,9.552047841927989724e-01,9.024744711490968463e-01,9.011434239782586397e-01
1.994760056740442211e-01,4.583788190056135026e-01,5.391165852900692279e-01,9.232442258068840335e-01,5.161359039711779229e-01,1.141762385277921288e-01,5.436984624364685770e-01,7.341148828440936525e-01,1.572609598971290712e-01,9.687259903295698527e-01
5.931957852346846360e-01,6.209051270396873656e-01,6.388288719482999589e-01,3.569616467964255024e-01,1.881928939581635207e-01,3.592452463288886566e-01,3.805489623480691197e-01,8.037829969804106689e-01,3.614472595769304686e-01,8.771944299986079718e-01
9.001078297743380086e-01,7.117631163943392014e-01,3.410629203819681710e-01,1.021836254544131739e-01,3.000798870601181223e-01,5.703612461445465298e-01,1.257778257907746777e-01,6.521665426694244205e-01,6.682428444774597409e-01,2.861726577714474029e-01
5.912191850808427018e-01,1.346587726706276467e-01,6.822568493817892099e-01,5.723044269811276008e-01,6.538909289333028063e-02,4.100373659921271452e-01,5.669597210711272428e-01,4.553356074244239160e-01,1.343050519800991216e-01,1.854425972266628975e-01
1.037170563542413326e-01,6.291485720257988801e-01,5.328782635129828416e-01,6.576034294924899548e-01,1.719946426444717291e-01,8.264292810089433061e-01,6.625886233260922520e-01,1.801056767918366441e-01,1.801797463329244398e-01,9.404216387586419312e-01
1.455027357328897430e-02,4.648422841189284727e-01,4.114607158425339639e-01,4.362416532066687447e-01,5.139078553727102205e-01,4.489079804210691638e-01,1.959497654295729863e-01,9.595294744290510103e-01,6.750497035356827213e-01,3.925245067986357084e-01
7.889904960106317588e-01,8.265483155967257023e-02,7.295683288089224172e-01,9.087866661379429001e-02,9.591987648632693819e-02,8.845645224707119336e-01,9.097786015818550842e-01,2.608164231284929580e-01,9.928122989999131898e-01,8.254038859334316136e-01
5.639055246209149219e-01,1.855383647393424873e-01,4.824034614070844551e-01,9.397998421674047531e-02,8.488917833287036308e-01,4.285037565945296612e-01,6.879976960465212787e-01,2.773901564822826016e-01,3.937416978451548921e-01,9.562234164939215075e-01
1.692895620682701718e-01,6.305563477393638649e-01,3.533358540473234832e-01,3.952188607521497365e-01,3.531217731118982961e-01,1.623384275094895690e-01,5.265228120024905145e-01,4.787640143699718465e-01,1.374631333569038549e-01,2.863698941293028044e-01
3.782138646038513130e-02,9.770644603345189916e-01,3.594543613440812635e-01,5.642535042962530945e-01,4.268455137114199882e-01,7.413959893173542870e-01,5.471765001449822030e-01,6.059957385281778963e-01,8.533843759479194935e-01,8.102641654160660512e-01
9.271450316439403538e-01,3.265218290244700228e-01,5.299485646086986579e-01,6.670111799275636466e-01,3.316752966366443012e-01,6.170979483909381225e-01,7.611866093300647673e-01,8.712373357790065276e-01,8.399972597871763202e-01,2.636167973319123448e-01
2.727753704572600801e-01,3.244611644290144037e-01,6.412481758057905212e-01,6.884224434511173607e-01,1.210031331026579782e-01,7.604442311437431545e-02,2.102829176273079970e-01,2.363341229939174282e-01,1.226856024405874601e-01,9.521082555861353214e-01
7.522385792727401821e-01,4.925504713645075805e-01,4.935363874114528926e-05,7.113048661935109651e-01,2.982383873341034608e-01,1.222653477302114711e-01,4.789445940692350634e-01,5.547769551496164464e-01,2.847026449096505818e-01,6.939689775008237582e-01
7.317624587108116918e-01,3.334282745230198186e-01,8.448972982920377461e-02,2.906815197254575267e-02,7.855599018364559649e-01,3.359867622965690970e-01,6.439346581860421193e-01,8.903612232725954811e-03,7.308255979579475481e-01,6.353203570134330347e-01
4.616294040032704604e-01,1.704480453449856991e-01,2.247324225195596048e-01,9.357620719896642125e-02,8.794837301863291934e-01,1.751027991220168722e-01,8.326868649854980431e-01,9.530157255066826760e-01,2.691067531838544635e-01,8.283515893462704005e-01
2.623239032383857250e-01,9.622036018297706050e-01,3.992416242657093051e-02,1.151451615114197358e-01,9.720917907095318888e-01,3.500526694843323350e-01,6.763414576186597138e-01,4.791360567189928421e-02,4.773360012549173748e-01,5.709997164816964510e-01
6.265329230023062301e-01,1.740855214804615247e-02,7.994245516703418764e-01,9.934615328767643083e-01,4.951001089192171856e-01,6.696936861002229513e-01,2.266058461078415132e-01,9.694426899971509970e-01,4.871664631032945891e-01,5.319405428647924206e-01
6.645951769621128991e-01,5.736004516075516868e-01,8.693497846207669522e-01,9.910712199266827893e-01,9.156446658659846971e-01,3.691394993315303408e-01,3.713732927614855628e-01,5.805346263634630910e-01,2.397269753146418214e-01,3.629362529338304721e-01
5.516982032803998681e-01,8.985421118715364308e-03,8.900016619676220930e-02,4.803237258964810907e-01,2.484698442941828400e-01,8.284787552611144745e-01,4.264512820086774347e-02,8.088981292300427839e-01,4.298579048801121072e-02,6.512243912750680375e-01
8.930734259149742948e-01,6.486728987213707942e-02,1.123490905192858769e-01,4.796110621208787839e-01,3.551224638291010649e-01,1.381360433221368034e-02,2.733606314615696364e-01,1.673296828982248075e-01,6.528199021883169806e-01,5.018441738261646412e-01
5.666247644566940744e-01,4.508022104756603810e-02,1.503574781532645011e-01,6.138782572109336977e-01,9.167204852761235978e-01,5.610519242756341063e-01,1.718874385730052579e-01,8.139870620125237988e-01,2.520815569717583804e-01,7.518655275379656500e-01
9.745245346547299903e-01,6.097373982331679709e-01,3.278366534825080114e-01,8.476651530073791019e-01,5.839351328256049412e-01,9.426374269810390283e-01,4.200538038377517047e-01,8.326380656412906145e-01,7.737391697272647528e-01,6.843553305101096607e-01
3.399008795165670005e-02,7.303302330941854326e-01,9.529539230368508917e-01,9.942508344095954964e-01,4.982972627370948482e-01,5.981388121421040704e-01,2.839836121311861694e-01,5.830164681934092430e-01,3.626593059120832852e-01,5.869745713627892991e-01
4.153158110510741796e-01,6.380414505082521170e-01,7.124833168879914913e-01,6.512484461715670747e-01,1.622527743646590137e-01,7.302345707351292070e-01,3.934743301771603807e-01,8.890787113870463054e-01,1.815159138441289066e-01,7.252447087352040800e-01
5.513060232357132051e-01,9.961991182765841391e-01,6.604730563178871083e-01,5.884390981420863920e-01,6.279844706721197101e-01,2.470446508923483941e-01,8.226928083851328122e-01,6.291742281859965535e-01,2.864419504591735333e-01,9.882715940826137802e-01
4.484147948914418702e-01,7.120397899539608888e-01,4.449075894685772248e-01,2.516897929900526742e-01,8.406253837315116328e-01,2.958780505464131405e-01,5.268075000307415046e-01,1.881172537190878291e-01,3.921403949229566033e-01,7.629004935547938349e-01
3.088919679021185916e-01,3.851945512425180018e-01,6.028649205277563095e-01,7.700355167027393977e-01,1.291240669557004450e-01,7.221832727806978269e-01,5.459315226128031995e-01,4.302916897973055876e-01,2.410107065241708924e-01,4.813983277037547914e-01
7.294813305766362221e-01,5.707744417581982477e-01,3.396465419978361711e-01,7.981551532910026170e-01,5.442984439542206676e-01,3.053794565076608514e-01,8.788686729661007169e-01,6.425136892489802243e-02,3.253590442668339300e-01,6.065786660805710939e-01
4.244116121766398075e-01,2.409972451746945632e-01,1.049973844655153199e-01,9.884326142768679047e-01,7.687828406845296225e-01,7.508731560151467033e-01,7.083734460454119697e-01,4.912761239226075549e-01,1.578920142915751779e-01,2.113842127255027847e-01
2.776481644946086069e-01,7.864105976021484867e-02,4.946004967204549185e-01,5.029525156279925913e-01,6.090080797948188573e-01,4.151310698859287385e-01,5.183641119269647435e-01,5.625588566815002967e-01,3.262360194010369696e-01,6.061345944621032711e-02
2.077787491809680587e-01,1.668503711078258567e-01,8.371699981733708995e-01,2.510037399875918451e-01,6.909685073278977185e-01,5.392029784824503569e-02,2.251152152217463787e-01,4.141908761552781648e-02,7.268607477376309856e-01,9.762389594588385400e-01
2.946069506353066192e-02,4.800211056948940902e-01,4.613830773819787012e-01,7.852329470072348938e-01,2.865100779076472648e-01,9.995875291580939015e-01,5.283922861145419203e-01,5.594385393645184834e-02,2.921230199402637950e-01,9.854259946654019275e-01
5.186790137359613695e-01,8.461420629422788942e-03,6.656554266547013432e-01,8.451225099466651569e-01,6.877700371929900136e-01,1.477129549898940075e-01,6.332176047588641277e-01,5.330882554254814387e-01,7.320725524315014887e-01,2.705063885374625610e-01
7.166174635642581503e-01,1.028770604926494414e-01,5.185446737068429846e-01,4.715646981888874656e-01,4.679471958823535616e-01,7.986967878697488477e-01,1.668416158436206720e-01,5.180663339652142874e-01,3.853819567737964968e-01,2.137111330482860394e-01
9.335722263789364428e-01,2.612584734202818559e-01,6.725697615106844829e-01,8.201342378244419473e-01,4.468169914305212265e-01,3.559697925458173984e-01,6.546898903561032546e-01,3.049278371666048759e-01,5.330420885491052863e-01,2.845477881721980573e-02
3.466274701045927165e-01,8.367966605606167452e-01,7.364182840772037775e-02,4.985898422098248295e-01,9.424522566597118844e-01,6.487653691283349344e-01,6.972942953156493484e-01,2.698296170742755518e-01,1.685697229400858754e-01,1.140065178044891159e-01
6.495271282394675660e-01,2.966921016998200766e-01,5.950879615808676304e-01,3.626626015216767307e-01,6.236721859051355121e-01,6.904040824987937031e-01,3.061757811184818712e-01,6.866678429297889963e-03,6.670332349605800903e-01,6.440629566361212310e-01
4.743587831348144990e-01,7.263825815020623633e-01,4.153649046155794000e-01,2.855336549592402129e-02,7.842186135093298649e-01,3.655069923514083774e-01,8.709588038632930518e-01,8.527308340749203408e-01,2.854801911113558077e-01,2.908705987305045815e-01
3.858568445164145544e-02,3.490088324307641932e-01,4.925850946737803104e-01,6.673723657315755453e-02,5.433696390048347036e-01,2.412763882909200186e-01,9.029596499408883981e-01,3.519941074119847801e-01,3.754571276552409742e-02,6.170549205601768561e-01
2.560459966896281303e-01,1.716707479671804037e-01,7.724130718476840407e-01,2.475856019150146636e-02,7.467914837512323878e-02,9.209191845386610620e-02,6.068385632952922881e-01,1.753935755758320170e-01,9.882332352888723026e-01,9.874142985845992815e-01
7.813157137909433336e-01,7.782708771665582947e-01,9.579677721128064816e-01,6.281579254891453967e-01,2.391108609899164072e-01,5.892070452553129778e-01,9.786932911456674988e-01,9.830702350334841189e-01,9.943637635095518013e-01,6.218159144245659631e-01
1.174903971088863130e-01,6.065758952886307620e-01,7.037372107884500849e-01,1.397403160824008950e-01,7.973287042930358171e-01,9.859118145044264425e-01,4.950627795931281661e-01,5.505554774638148352e-01,1.953747893584737438e-01,3.993233686949293482e-01
3.024366682779808801e-01,3.677395111914382175e-01,4.715958904399035756e-01,5.475732332763517674e-01,5.934064150348461464e-01,2.940091597822850344e-01,5.839747025675425807e-01,8.806602856862886242e-01,9.443197644954512970e-01,2.000404870187784123e-01
8.081166087680831112e-01,8.982595563116672066e-01,5.181743086279564370e-01,6.477754317926823768e-01,6.445590187536978100e-01,1.368313574257864484e-01,2.006400761284741208e-01,6.007889732740688826e-01,2.960247392547671330e-01,5.801838526109728278e-01
4.485771163100249481e-01,8.830892374222221175e-01,6.015938403715507254e-01,1.391549247995057526e-01,9.522777711226926289e-01,1.585861872265903472e-01,2.390026681755960114e-01,5.064814679339574299e-01,1.029775976692139938e-01,9.451057493846204416e-01
1.170262449993665355e-01,5.463372059545326120e-01,5.735069369471421652e-01,7.007199400080003082e-01,6.093295485951604196e-01,7.129736353598825627e-02,8.514634657809255769e-01,6.373798832941995895e-01,3.595368631261631753e-01,4.147465361505131565e-01
1.836895322168874412e-02,2.758266043189955274e-01,8.326392079497868526e-02,2.052943586401622111e-01,4.969946236114631821e-01,4.122963340149711220e-01,5.153325778361151910e-01,4.919746175076417094e-01,1.780452526666296276e-01,9.162112116176777121e-01
9.932054831028223063e-01,7.591538690468957462e-01,5.775905086840615876e-02,8.596344398637778550e-02,2.997986251536761682e-01,8.713670326923027565e-01,2.951431480384251183e-01,3.721862164930199723e-01,2.120087071427056991e-02,4.149654028498979130e-01
8.792029102053349199e-01,1.422317522064734385e-01,6.343004447952689251e-01,9.800278117514057419e-01,4.692949983918469625e-01,8.033973555404139155e-03,4.327565452950189462e-01,3.946927234544428398e-02,2.052924575869328194e-01,3.953985304222689123e-01
5.062849792976771290e-01,3.028688294908480350e-01,6.287892548935939407e-01,1.671960070702074308e-01,9.930699794685643456e-01,3.061293059023811880e-01,8.027723376658274512e-01,1.315337591390854932e-01,5.895005736380010131e-01,9.570077488956876266e-01
1.219231414750733267e-01,7.809261248889410867e-01,8.838485557970404694e-01,9.877545182814547742e-01,3.191861847910144601e-01,1.643627271534575662e-01,9.464967563928128325e-01,2.859374589828811430e-01,2.439928854444860518e-01,8.444387775171052768e-01
5.152911700760192115e-01,3.219094362546865984e-01,7.531456327885837077e-01,9.287250680283334336e-01,2.914177823735203399e-01,7.053391123464762824e-01,6.884067674585084839e-01,5.288834894512572937e-02,4.026126928368743974e-01,3.643526893623029173e-01
8.836746393009946576e-01,8.910543127656724849e-01,4.617826366542374661e-01,1.159061736045391422e-01,3.150202492946903021e-01,9.385359426760975232e-01,5.083564778103810688e-01,1.310491860720841562e-01,4.587403446981758171e-01,6.829601390616596435e-01
6.756183267699333861e-01,2.946635677346557403e-01,9.828959231245401051e-01,1.143959999745891576e-02,2.672382973146303353e-02,1.660658398595579177e-01,4.362268312995404296e-01,3.694075292936775945e-01,8.891824639824076337e-01,5.174929839396555931e-01
8.866665212516624539e-01,6.314059880811108139e-01,2.370674353745461094e-01,5.508237464038753251e-01,2.496761195416790091e-01,3.669296765440589470e-01,2.138007439756087757e-01,6.406954378054146026e-01,7.468543665057117975e-01,9.039688847731167654e-01
3.047213448450547535e-02,3.939124491448739995e-01,8.414616491331441406e-01,5.670457618685805778e-01,9.425717035828976575e-01,5.819421171126439862e-01,8.173085136259485850e-01,1.128893120236815761e-01,3.504436035673964556e-01,2.561496002528378391e-01
7.427322254836841164e-01,9.329329296960592321e-01,9.812201345815176889e-01,6.627754715669254004e-02,5.183247405673528929e-01,5.260928574739642816e-01,4.713396858862444194e-01,4.343944436338115223e-01,1.884975520151548345e-01,5.712368540645856863e-01
7.042918664850523758e-01,1.041355370359082766e-01,8.738204491282164366e-02,9.572174551539525122e-02,2.077554574240754182e-01,8.762906815124862359e-01,8.679290855030301621e-01,6.235399308567904919e-01,4.185231237193085541e-01,4.258650710530753614e-01
7.549399911144749620e-02,4.006253631472129761e-01,9.914662266665167367e-01,7.074330103581789597e-01,2.306123456021370588e-01,5.940826299191489523e-01,2.496060053946442814e-01,6.228334952389591450e-02,7.606598943610940466e-01,1.814795098549485397e-01
1.281172554145815212e-02,5.614495292746169985e-01,7.734288080306912505e-01,4.180739254418829320e-01,9.174372271252599909e-01,5.069450520253372394e-01,4.758803043635198016e-01,1.283667778906264489e-01,5.235682351798331968e-02,8.979991461165779398e-01
1.824226612611008491e-01,1.203901204090700450e-01,8.859758090647567030e-01,7.787015612098033834e-01,6.562391736475409187e-01,6.517126686171085259e-01,9.500527954192232727e-01,5.277361887903253557e-02,7.239781137175475001e-01,5.116522030198525917e-01
6.559731749307675663e-01,4.698984110635131550e-01,8.515753136253990663e-01,7.732037433159109074e-01,2.089414921581994600e-01,5.604784391204900018e-01,7.086279130192243425e-01,7.400031416571546394e-01,1.072019228096628973e-01,5.465440995949628622e-01
4.099594861630802001e-01,6.590789184670478029e-01,4.701666149459271526e-01,4.897822484025238232e-02,1.920175119238544115e-01,4.114891859579578037e-01,7.865475924480724856e-02,3.773827652044177139e-01,3.206800295033298553e-01,8.593941465311070171e-01
7.030198837449046501e-01,8.186742155240327445e-01,3.471179394639605231e-01,1.932209506079179961e-01,6.036851430031694443e-01,2.829956888454699948e-01,4.205829728132236545e-01,3.722846132521504536e-01,4.534169355554090730e-01,3.128477356268156706e-01
8.674553393633699372e-01,2.749241049630302136e-01,2.453795373259389789e-01,1.502524172125434543e-01,3.453804753762745872e-01,3.853133978488689770e-01,9.578440909887879773e-01,2.566357966531860324e-01,2.038864919969737288e-01,8.930366700835017379e-01
8.123359892321690978e-01,6.913344811749385643e-01,7.541989197462992678e-01,3.821896733368324028e-01,5.955776491698649977e-02,2.322551261925916988e-01,2.181425665262040070e-01,3.158846013992460122e-01,6.921201599025986750e-01,7.209590132047319910e-01
2.155310781399801812e-01,5.586720662581662333e-01,7.829379507549891759e-01,3.835665983334809459e-01,1.707132518010596733e-01,7.015390758661141923e-01,8.225868991647792283e-01,9.668221961559257949e-01,5.794695063999834028e-01,8.441673279856630741e-01
2.075253075145794268e-01,5.332783285144037100e-01,8.171956146502039608e-01,3.885562695252052778e-01,4.982280243442973600e-01,1.084351520705505445e-01,5.758336156472678713e-01,1.839735349069313575e-01,9.103337624248649673e-01,7.494718114071241555e-01
9.347350633763595873e-01,2.020246988311237279e-01,4.540296587372213422e-01,3.171780134700130649e-02,2.498055650513326675e-01,6.528708565635648053e-01,2.567276324189294856e-01,8.038785124237963764e-01,8.433343661859377116e-01,9.277061102625323574e-01
2.953462674641326169e-01,7.175677368785368104e-01,4.746953510021033606e-01,8.518297147912895495e-01,3.357507080261316057e-01,9.140828083625550660e-01,1.563527622994356214e-01,7.543199635523034630e-01,8.552308888535677944e-01,5.434396256457123542e-01
3.736723086198634469e-02,8.826483951788269833e-01,2.664248144962244602e-02,9.533615916915891830e-01,2.062376102929774913e-02,4.135508995693225609e-01,4.882987807719426643e-01,5.514821411081356484e-01,3.436670947626800920e-01,4.565642203677602318e-01
5.827332507764624303e-01,8.656292816779538324e-01,7.893793084239987268e-01,8.120946431703982560e-01,3.850904567299008319e-01,7.598135893394817320e-01,7.819685987257248838e-01,7.588771254891839568e-01,3.637027395402716579e-01,6.660770597837317730e-03
9.921994666595842505e-01,1.845349775304959694e-01,8.911914762856185668e-01,6.741591987367735461e-01,3.356898368085586837e-01,5.753654308882835133e-01,6.362478763228263112e-01,4.110374135588230615e-01,3.510628451776875991e-02,2.265321545893117516e-02
4.789018372546783864e-01,5.337041874477925774e-01,2.327992880092998318e-01,7.836405311704454091e-01,7.979363317510013154e-02,2.587883472441798727e-01,9.483742487148415501e-01,8.908587054503096514e-01,8.646884772163778710e-01,2.290500749221334731e-01
8.413122402498340868e-02,8.335939380569903356e-01,5.452246655409186404e-01,9.265106530637865490e-01,8.587356711509022134e-01,8.604554217999172971e-01,7.279091255144471972e-01,2.136991749333443380e-01,5.106589052237228143e-01,3.577601298541662755e-01
7.470785649495169656e-01,1.398272611524369324e-01,5.317619959110762018e-01,4.123331752638118575e-01,2.574998009559155143e-01,7.949676374029728265e-01,5.554961293262782318e-01,9.565253502586978929e-02,1.556106426632722917e-01,4.829529161747270205e-01
4.287098987159265739e-02,5.456912576037447060e-01,1.983571156436901850e-01,4.310497744521096797e-01,5.629855447441344252e-01,3.647655609550124467e-01,9.614112100090557167e-01,7.594678029040461409e-01,3.697105390938197900e-01,3.447204359850420952e-01
9.783733329546421276e-01,7.364333065241991383e-01,2.897101602787840458e-01,9.249024816701847396e-01,6.002262867234439137e-01,2.825615942599063457e-01,5.594507132826587181e-02,7.698854485536331671e-01,9.565396963001356889e-01,6.929467656789578545e-02
8.878547705902956055e-01,7.704243020376444484e-01,9.820050197207254028e-01,5.498973845529908644e-02,2.621343475844573057e-02,6.644072934092100091e-01,7.530663070521316227e-01,6.363973419566215650e-02,7.446855292227787526e-01,1.257293117308255770e-02
2.459953894336216473e-01,3.794239599018882636e-01,1.934420657786113384e-01,2.790419349422860185e-01,7.032663185597902711e-01,1.664202229292081059e-01,6.530224487853190096e-01,3.821506937223771994e-01,1.227458888922913216e-01,7.597516310951087926e-01
1.405299486016465815e-01,1.076259148418480249e-01,8.654757176248843997e-01,9.281132683882680201e-01,2.930953132109178627e-01,1.714584595308276116e-01,8.748149735940524696e-02,6.125727060022686521e-01,6.820312418205334293e-01,5.370941406406473106e-01
2.512412338712518567e-01,4.253254469919148795e-01,6.921411237894898871e-01,8.715022658253660515e-01,8.286467109060245972e-01,5.439604751507464142e-01,7.040349458809137539e-01,8.971609760155461188e-01,4.360277306085389437e-01,3.318085522710093604e-01
6.963814041470025584e-01,1.909003553635019168e-01,7.681011823181114195e-01,1.484923138551864641e-01,2.010266381349394837e-01,2.657232412449703762e-01,3.691340004350829318e-02,4.166950492754623037e-01,2.681218350642456949e-01,2.538464036752687836e-01
7.829052199837193138e-01,5.571978966870341221e-01,3.875698689590691970e-01,1.654028245231394800e-01,9.270302715688583106e-02,5.239736988300397469e-01,8.163951648680864981e-01,8.165534078932485951e-01,3.990955574088026481e-01,2.747494065158728738e-02
2.737768910401812139e-01,4.936566118621538157e-01,7.689775198310736526e-01,1.271878315727071884e-01,6.709171396621466110e-01,7.763105396529452751e-01,5.379458903229119571e-01,5.642964327514544687e-01,2.634229960370445545e-01,7.750927099912353624e-01
8.304910309755864084e-01,1.934985642887739887e-01,3.485852082004540220e-01,6.351776307920306008e-01,4.391200473566680973e-02,2.809077662161376665e-01,5.137677599658623251e-01,5.467875008863274378e-01,2.972663074763622904e-01,5.810044639323960203e-01
2.556076403498556138e-01,9.575484776297651379e-01,5.371108858285722487e-02,3.060244796195354944e-02,3.330648498375435862e-01,3.602572466869740087e-01,4.341657311122135710e-01,9.583229426851076482e-01,7.256627580347536632e-01,2.839931613448817282e-01
7.439410010395861583e-01,8.560672054432753031e-01,9.457679596610821804e-01,4.959638504965382388e-01,4.284962451372746894e-01,6.368651019279825132e-01,4.107570136410813033e-01,9.040226216621178867e-01,1.927775563105721401e-01,9.908987198335006408e-01
4.572293852082409682e-02,7.892203180726005129e-01,4.556674210653013368e-01,8.746480814026255102e-01,1.570565256723270853e-01,7.779698048024737966e-01,5.984513068476483566e-01,7.722197267507028284e-01,3.164385548730860309e-01,6.841244461326915216e-01
2.945897572644451401e-02,6.047145996760275866e-01,4.230268473730114387e-02,8.775566854045655507e-01,2.255227035849280970e-01,9.495470821305733722e-01,5.570482670539341763e-01,9.866305089052241906e-01,1.567688822889633515e-01,3.825640430015045945e-01
7.209487362471811434e-02,4.622948643697279980e-01,8.856034389846281218e-01,2.189059067705325656e-01,4.835786820042051737e-01,5.305542380215407805e-01,5.814135314347008698e-01,1.236574414443510905e-01,6.808442773639865608e-01,7.830470894033602081e-01
4.013542160201792885e-01,1.562940320462389288e-01,4.761722231811750250e-01,4.423044771417532495e-01,4.265058192021881078e-01,4.462011640299737847e-01,9.013785205963738001e-01,9.106185471011974952e-01,3.100114970522471758e-01,3.448876325092187223e-01
2.450807715017613297e-01,9.844495226140687061e-01,3.181789381577834197e-01,2.053190396003193863e-01,5.336834728720052379e-01,4.199016899194689678e-01,5.000340082368820438e-01,8.673861957321080673e-01,7.456911867700360963e-01,9.169305566450866030e-01
3.558078146516451268e-01,7.969399256578358903e-01,5.238226224433066847e-01,5.228646590033393382e-01,2.899618275815477597e-01,5.477326827953264976e-01,8.330549448590847117e-01,1.987731543383960409e-01,5.837568677384732396e-01,5.015954232270691815e-02
6.267345053198852822e-01,8.944216363786106072e-01,2.802681021087658486e-01,1.340821920034700465e-01,5.797140885284057799e-01,7.286829391964287916e-01,7.423866184993371808e-01,1.324174107149537205e-01,1.352503052093139146e-01,9.972674229953721881e-01
4.455417401371923880e-01,2.045878451642625384e-01,6.267021542526868272e-01,4.791527677832153609e-01,4.960158466929034393e-01,6.732218019384242913e-01,4.987722105759605506e-01,9.467497001122981981e-01,5.353829380495400692e-01,7.876740128026262777e-01
9.065453553046949331e-01,7.916907136665570777e-01,3.220464528549360494e-02,7.838066144546150804e-01,3.233529178925741432e-01,3.274260239000225114e-01,6.217213775684631294e-01,4.671084141397716660e-01,2.711396689529274040e-01,7.518448170713274425e-01
6.734578920824610959e-01,9.634325931884749616e-01,3.972746326611767964e-01,1.791774807118790003e-01,2.217161244526791863e-01,8.613558686558485666e-01,3.427681789782366373e-02,5.826640605953347096e-01,1.297301632626557399e-02,9.731122234968907492e-01
5.938566622712005971e-01,5.571424993689699789e-02,6.676189755508117329e-01,3.580910901254927836e-01,4.242543990387509512e-01,4.454665817377201353e-02,9.602298911370475976e-01,5.235602861988392087e-01,5.668251562141073396e-01,6.839716652132757924e-01
3.180699083669882299e-01,5.320916041743918301e-01,7.016975760838459752e-01,3.384139764993002730e-01,2.715764535899767296e-02,4.001267508451189503e-02,5.796185631842687425e-01,5.786643605159090820e-01,8.581468081533144554e-01,5.962767145662046797e-01
5.244591845895429927e-03,8.716960604168513260e-01,5.654541134583938033e-01,1.194392793766252403e-01,3.813278008832597932e-01,2.458563108085509707e-02,9.102375605112036361e-01,4.280817909050724790e-01,9.009455669269097466e-01,7.962055626360590166e-01
7.235777285526188152e-01,6.914905284300443267e-02,6.174973030983915701e-01,5.893668820599825553e-01,5.727291428157814668e-01,8.299345464837492026e-01,4.870415677582963232e-01,2.952931029389869177e-01,4.314099780861593292e-01,7.803761600733678527e-01
7.119042939777068257e-01,4.352417455363498666e-01,1.656584184755488520e-01,2.908368459294623509e-01,7.058104060725034490e-02,4.596104971338584866e-01,8.423559709034880161e-01,9.479825852302956601e-01,1.241956101616165098e-01,9.703931985761871104e-02
3.220319861335685374e-01,5.570926369810912382e-01,3.032978670984858294e-01,2.558317293756307009e-02,2.352313493167290659e-01,1.526941375196086970e-01,2.324506060279496467e-01,5.505072131129770119e-01,8.074784517965721831e-01,1.682246258048903931e-01
1.757799135861718431e-01,5.218830558732920899e-01,6.982493604189760061e-01,4.423196812202951911e-01,7.510126374382043446e-01,4.456134963386044756e-01,6.996115868895627088e-01,4.310750198852517645e-01,3.438697088379971678e-02,7.745873194852698207e-01
8.654328261364161445e-01,2.464427461782342510e-01,9.676158036985882394e-01,6.117612562611549620e-01,5.576011094624467868e-01,6.176002496458737889e-01,6.736461515108830289e-01,9.758421573735367449e-01,8.562665259384583116e-01,6.299322263467643790e-02
6.258407032759705224e-02,4.845227883823516324e-01,8.161017273156488949e-01,2.515537981317559346e-01,2.931140518737272993e-01,9.154832896103982653e-01,8.759166062882379755e-01,4.135581773377045023e-01,4.483204044076116723e-02,1.886418094289022962e-01
1.735893853500694028e-01,6.971675678532907039e-02,5.797471998400722804e-01,9.453661158809771869e-01,8.754505547326161263e-01,5.704315182098848025e-01,4.500482689105202994e-01,8.168123466465626592e-01,6.823966785403152713e-01,1.228986782646684928e-01
4.819094444752576312e-01,8.770723466490381037e-01,1.840509267514911507e-02,8.714366533607142973e-02,3.044446908800025886e-01,5.792023198375173543e-02,3.563539731897613638e-01,1.242350314558707813e-01,8.391528718071726844e-01,7.906075438822206536e-01
6.960295848504685079e-01,1.079319158248450705e-01,1.469608929198503722e-01,2.988503794421837334e-02,9.253559649074216686e-02,6.198398921606826928e-01,4.419210368366428554e-01,4.990139047694823748e-01,7.035117627199618529e-01,7.147250574982449978e-01
1.265532273595411095e-01,4.650100103203452795e-01,9.265087553953221811e-02,2.659680922761709088e-02,8.561188396232422004e-01,1.702102724753529195e-01,9.668099067198676622e-01,8.599607354465548248e-01,4.265638434562890602e-02,7.915443001971099735e-01
8.196455510750831897e-01,2.402781657292525352e-01,1.952679101527282635e-01,8.776113353860121036e-01,1.267807466465886712e-01,5.893087598209133526e-01,1.722211948074979793e-01,4.181502909975555182e-01,7.087410995432597005e-01,6.253523055857634905e-02
5.150917858978154573e-01,1.604607574945231541e-01,1.195370676706475344e-02,2.526209741816866083e-01,6.368398360431802852e-01,3.932988702628170685e-01,8.895956203668871076e-01,8.013146192528377565e-01,7.930047820039520801e-02,7.390914252097214865e-01
5.193949698090156719e-01,6.580123256694139222e-01,5.474354302217581125e-01,9.408771805750000272e-01,1.287567654896004665e-01,6.342994829764136977e-02,7.727454726825691012e-01,3.526441361728733792e-01,2.946810531515831055e-01,8.891693921748990981e-01
5.101531240777298359e-01,6.410557689588092245e-03,7.572327457603533762e-01,7.513671944302576788e-01,9.166418934765211413e-01,9.714104890931446468e-01,7.165706197365727670e-01,1.762099741391036645e-01,4.876773757530569187e-01,5.936423206492024152e-01
7.275767878957988266e-01,6.749364524086246542e-01,8.677070433905282876e-01,2.025912235487573598e-01,3.413034321415434613e-01,1.909291105896919749e-01,9.720127132860755248e-01,6.988845401830385828e-01,8.971684355144750045e-01,6.496524067223897747e-01
3.954741993578515524e-01,5.622530513462359325e-01,1.713041193365372195e-01,3.014845231060502284e-01,9.253474045671732373e-01,9.949244438900898269e-01,8.635828168250789805e-01,6.430974611124431473e-01,8.516520897395627454e-01,4.950155802386890791e-01
2.849967945339397790e-01,5.792881917341397013e-03,8.258339585219491852e-01,4.844576323108431559e-01,5.519979739265521435e-01,5.052673543550232349e-01,7.795972085319347045e-03,6.966471995078157287e-01,9.064748581549471051e-01,5.114174853265079923e-01
7.087577837698859629e-01,8.069290108289886021e-01,1.957529825113613065e-02,5.554851503090042497e-01,2.968214078474528117e-01,4.870970429046946881e-01,3.048915294521182817e-01,5.069146093550545018e-01,1.076089339175705373e-01,4.409018360852013929e-01
9.013872931479519623e-01,7.014575740069900478e-01,4.243245219311263527e-01,5.119353343475737672e-01,3.059887101861358261e-02,4.911975139339830321e-02,7.141521076684393954e-01,3.103608481927659923e-01,9.307349668383850805e-01,1.424628199684404573e-01
8.607315225521638968e-01,4.764317376445806884e-01,3.557825536990499860e-02,5.810177304358032924e-01,8.570324918859463237e-01,7.584882908800272272e-02,9.742189507959961858e-01,4.316331074060335560e-01,2.995065061414718954e-01,9.758881754942199116e-01
1.079289368003463201e-01,6.402194722607598143e-01,6.256757781559580955e-01,5.566597984330031723e-01,9.576763778079201428e-01,2.954229342872158881e-01,4.972702663952764945e-01,3.303352061542220719e-01,3.440367982915301104e-01,8.716085435313728480e-01
3.745185849251484456e-01,5.037560031857557519e-01,1.497046084813455913e-01,4.446493549893927311e-01,1.839983191835115051e-01,9.575553871680958506e-01,6.889414800779506409e-01,5.760089712012961272e-02,3.532742469762110149e-01,7.524298168429094380e-01
1.586795609336328905e-01,6.412870509420673937e-01,3.045376818573197752e-02,9.256620491878773116e-01,7.915593367378962464e-01,6.205628481369392935e-01,1.067259359199623781e-01,3.502962585987278166e-01,1.562675741049056599e-01,1.405387880171461434e-01
7.688408084576219270e-01,5.190365725014767229e-01,2.345183347172331567e-01,6.895854165715857853e-01,5.149524281180686280e-01,3.453374942599949371e-01,6.362361365366220323e-02,2.933331442658133614e-01,8.237403232790726504e-01,3.874815732579917071e-02
9.972190627354019510e-01,9.480197694571081968e-01,1.106277805594564345e-01,8.019518413792469103e-01,4.973209621249498058e-01,2.068786376033104890e-01,5.727321265254002869e-01,8.716411054548778292e-02,4.450671317513217318e-01,3.771192846062003667e-01
8.120001818844871933e-01,4.400431051692288431e-02,5.066175618837517325e-01,3.953560206721027370e-01,1.554836164278039501e-02,3.280640652063736562e-01,9.162043853068569943e-01,7.056069860862776988e-01,6.853194401089998111e-01,5.725194157341866319e-01
1.169815510254446078e-02,6.957378884681285625e-01,1.130855264169061680e-01,4.703258133383186879e-01,8.722546433613228567e-01,7.556452295827301713e-01,8.880137094711948453e-02,2.965197590802740590e-01,9.685465170006377633e-01,9.600218704031355799e-01
6.171167073064651731e-01,3.467013152595100900e-01,5.110120805137420286e-01,7.848444912560605946e-01,4.980035724361066007e-01,2.264151467746466917e-02,5.164755827123059806e-01,6.179009320790038728e-01,4.736284173028657563e-01,3.719314120868895124e-01
1.768252508445358195e-01,2.334213675533978183e-01,7.754448171678332002e-01,5.560267387567062736e-01,1.609171338469975732e-01,5.107738858740760168e-01,2.897576763019824586e-01,6.021311285280631642e-01,6.202286295086765211e-01,9.665130125086790480e-01
2.912038266805304643e-01,4.300248317751378391e-01,2.719101902892988587e-01,8.389986664582369524e-01,5.540526157981480182e-01,2.531420204233747473e-02,6.800663782893739961e-01,9.321788486675451901e-01,5.552623596129515615e-01,9.976374844200639469e-01
3.209338976237837704e-01,4.925524484200544117e-01,7.852820773633757412e-01,1.558597166131951983e-01,1.809558391153720525e-02,7.012343882820191165e-01,7.000266049647532185e-01,7.627908772745812804e-01,2.725772991010428914e-01,2.498250293077670658e-01
5.989784089045271376e-01,5.997095931624968346e-01,6.211767121165160388e-01,6.611293892351377544e-02,4.165717766117044141e-01,6.179052758292603587e-01,2.656438594786979523e-01,6.534095625536272545e-01,6.017053881607826726e-01,1.515231412752081619e-01
7.871204466918146903e-02,5.507991953476175651e-01,4.466890368010032475e-01,1.048532066882211788e-01,4.220715323268524610e-01,2.182268692127549148e-01,8.027560521551714290e-01,9.216319134808955704e-01,5.949430959389964135e-01,9.845350658777601849e-01
4.385816130175536065e-01,5.052715278894027717e-01,2.295521668837547935e-01,9.462886714326562698e-01,7.540269410521573956e-01,7.559943917467588648e-01,8.961866010563468432e-02,7.601997727520367620e-01,3.015201327257670538e-01,8.787890418473531806e-01
8.875514466349737619e-01,8.044561456404122346e-01,7.436425179787153894e-03,2.273664493354712324e-01,1.887951141498779295e-01,5.361747911807642764e-01,9.125391492252590275e-01,4.228553300191332243e-01,1.038620044319139568e-01,8.364886924020754622e-01
2.933722990682091636e-01,7.645050941989424143e-01,4.149615960918485724e-01,4.293395759614964113e-01,5.628710398461643782e-01,1.255435164883915711e-01,9.641603501329081283e-01,8.920537882017828268e-01,2.494304526357378204e-01,5.006380914760094614e-01
5.946600972296989251e-01,3.421913231942514955e-01,2.214010012069324018e-01,4.856409271029351604e-01,1.792886945974792035e-02,4.669728037003062493e-01,1.038422882137933767e-01,2.517465540205540142e-01,6.675153078120517058e-01,1.929105642019113276e-02
2.713454989633516945e-01,8.893875428991193655e-02,9.233501759465817527e-01,1.190392755725669938e-01,4.306243480281918279e-01,5.348843207905819019e-01,8.736586376265350617e-01,5.478609555772842032e-01,9.487279817622124023e-01,3.098037891797980059e-01
7.645462857200480133e-02,1.917719913574588153e-01,2.957927539224534108e-01,2.639172192907540682e-01,1.569184980992723855e-01,6.517270499228055014e-01,2.704971022708481110e-01,1.859436568096661802e-02,6.206849015172999362e-01,6.697352038811912323e-01
3.777371724522974317e-01,7.332625088631584687e-01,9.401995704548899990e-01,2.012654341063726537e-01,2.136938072619722906e-01,8.889060419843047844e-01,7.579646757426268255e-01,2.892553696556489085e-01,2.152399242025740955e-01,9.755847469587574095e-01
9.348593581393037644e-01,9.952504418311887147e-01,5.419578363923736042e-01,5.801639139360045272e-01,8.288808519367196759e-02,4.124304422289961636e-01,6.362230957944386978e-01,4.289357755960119256e-01,5.747615544815871669e-01,5.554759392025948594e-01
1.001277001735652039e-01,7.044519516009210003e-01,6.649535674505578919e-01,3.494560660196222024e-02,1.218872131062733732e-01,5.086255444166694062e-01,3.591614284095747678e-01,4.140594003653068622e-01,8.575905127206262524e-02,8.780060543709348186e-01
5.018025636541132428e-01,2.558936197905440357e-01,9.770148276569745605e-01,2.777378771732771368e-01,1.647420171876472494e-01,6.755486478832366526e-01,1.136747043408659064e-01,3.017650093050046056e-01,9.158992466037502167e-01,9.583961081991979603e-01
7.200103482422423040e-01,5.070824450527976479e-01,7.998725666143911006e-01,1.550067030627355624e-01,6.983192261493744724e-01,2.362373599505750432e-01,2.501618155230200813e-02,6.242720802030792271e-01,6.059907313271006846e-01,7.922346584073236553e-01
6.828880582697419710e-01,2.977024765770032166e-01,2.702179848128971607e-02,9.682217774528137921e-01,5.192298556566929957e-01,5.343163475620511527e-01,1.930840585224098405e-01,2.932416018535352054e-01,3.752146876762042504e-01,9.081409523116065197e-01
2.485155247087568187e-01,6.652956569798385011e-02,1.140556117124343904e-01,1.701991725659319776e-01,5.645396202119782325e-01,3.953490937873888056e-01,8.986159274388524354e-01,2.209696295622576301e-01,7.768364417258019072e-01,6.119986754947406293e-01
1.088011539861031274e-01,9.184702684859549215e-01,3.532684092556720445e-01,5.719389306669948603e-01,7.771113594795767687e-01,4.058140575922436488e-01,7.676860014983033498e-01,6.587839861439610534e-01,4.612378908337055883e-01,8.423254883697922635e-01
6.511289080336681856e-01,4.989549857835221536e-01,2.871523246917799810e-01,4.088380601965271310e-01,5.417438518701578332e-02,3.393728033233527341e-01,8.341975336959184251e-01,1.416508896504337089e-01,2.653959647992745197e-01,6.500950129686644541e-01
5.245978155289776623e-01,1.520679350526779050e-01,3.106791019861858683e-01,6.707953779345775525e-01,5.635713361303037461e-01,9.903400205599310890e-01,8.637604401995049308e-01,8.189145602698461035e-01,8.011135901162812489e-01,1.782364262564843926e-01
5.079748495211825476e-01,6.091482839345430111e-01,5.715193537484191122e-01,3.479590278340538578e-02,6.986851852446266387e-01,2.125050838548818710e-01,6.924528409400745321e-01,4.427691841362012548e-01,7.326175637891934045e-01,9.560117228678626233e-01
9.312745925062030361e-01,5.512163136882021197e-01,6.054770412521658374e-01,6.074606448239934231e-01,5.470419087840816541e-01,2.745762924807455541e-01,6.531328048426366939e-01,6.902027860301906959e-02,3.903645131235535803e-01,5.630061547857232451e-01
6.587519730492722436e-01,4.530535399310544609e-01,3.153167253003927861e-01,3.220629268391392852e-01,9.242001725888461250e-01,5.704721833872583581e-01,9.786872774283333909e-01,3.297343503162213363e-01,3.670047620164849089e-01,2.286153757480969828e-01
3.755905283952781781e-01,3.540292741451427361e-01,6.115867348466708098e-02,4.904016478423188774e-01,2.802788086132129708e-01,4.629761760011382732e-01,9.054447739821280816e-02,6.493499146342818218e-01,4.849950687944843963e-01,2.691176119525411359e-01
7.492035906260620104e-01,6.781028275433170771e-01,2.390140134327138899e-01,9.236578649755302628e-01,8.667517007543705798e-01,5.481039934579916562e-01,2.669093047272944608e-01,5.216592694669917041e-01,7.636621774465002233e-05,7.871957729121922265e-01
3.607949555208955772e-01,5.656568625623042967e-01,2.895405694254236106e-01,7.095880751496002059e-01,9.434406406211277574e-01,4.545463759828494155e-02,8.999830590025605925e-01,3.896800299295964942e-01,9.957004120086999643e-01,4.700799287118728742e-02
5.180851814450093684e-02,6.361925939414960762e-01,8.092538733450893584e-01,9.930423194232829154e-01,9.826565049709876654e-01,2.010912200615622147e-01,4.353149027127195536e-01,7.987183966122766154e-01,5.748226430527255681e-01,3.794923843804203223e-01
9.984343195128677628e-01,7.673728570010598382e-01,5.488998645345923855e-01,5.952080952163744110e-01,6.462177102385864291e-01,8.377908221907581776e-01,4.057939945834505568e-01,6.484816740443875016e-01,5.027942546264208001e-01,8.412257071769921879e-01
2.424239244643870972e-01,6.592095271100301135e-01,6.429181944709041474e-01,1.037421606495582127e-01,6.547024983209268623e-01,4.343385937425245924e-01,3.247761644154117944e-01,2.145344313637259637e-01,7.089052052788524794e-01,8.208854949882687935e-01
5.728350800603198012e-01,1.918625247694444313e-01,4.048916069582316757e-01,6.489415846306596514e-01,8.228544328907491101e-01,2.891431868087840362e-01,8.702769052326205790e-01,5.195301632988842400e-01,9.797343749203736296e-01,9.986510507413635107e-01
1.470174427648409665e-01,4.475320083459889409e-01,1.125104977890347691e-01,2.796260453304200144e-02,6.622478909093191257e-01,9.668583194798252567e-01,1.144619815829023279e-01,9.538301975207700290e-01,1.534830256320400821e-01,6.368847645066633145e-02
2.225164725388081299e-01,4.611723415961617167e-01,2.027924320297096461e-01,7.698722711607555169e-01,9.411751750374606207e-01,7.270328760185634787e-01,3.279156402251103275e-01,2.374037532060994105e-01,7.828839136194324366e-01,2.515591172464030079e-01
